1,0,3,2,1,0.22839,0.03,4
2,1,3,2,0,0.0031223,0.03,4
3,0,2,2,0,0.0035619,0.03,4
4,0,2,2,0,0.0029819,0.03,4
5,0,1,2,0,0.0030792,0.03,4
6,0,1,2,1,0.0028559,0.03,4
7,1,1,2,0,0.0031113,0.03,4
8,0,2,2,0,0.0029415,0.03,4
9,0,1,2,0,0.0030798,0.03,4
10,0,2,2,1,0.0029586,0.03,4
11,0,3,2,0,0.0031585,0.03,4
12,1,3,2,0,0.0029213,0.03,4
13,1,2,2,1,0.0028145,0.03,4
14,1,2,2,1,0.0028596,0.03,4
15,1,2,2,0,0.0029145,0.03,4
16,0,2,2,0,0.0031738,0.03,4
17,0,1,2,0,0.0030618,0.03,4
18,0,1,2,0,0.0037819,0.03,4
19,0,3,2,0,0.0029945,0.03,4
20,0,1,2,0,0.002845,0.03,4
21,0,1,2,0,0.0030451,0.03,4
22,1,2,2,0,0.0029581,0.03,4
23,0,1,2,0,0.003126,0.03,4
24,0,2,2,0,0.0030425,0.03,4
25,1,1,2,0,0.0030742,0.03,4
26,1,2,2,0,0.0029539,0.03,4
27,1,1,2,0,0.0029296,0.03,4
28,1,1,2,0,0.0030316,0.03,4
29,1,1,2,1,0.0030323,0.03,4
30,0,3,2,1,0.0031211,0.03,4
31,0,3,2,0,0.0029641,0.03,4
32,1,3,2,0,0.0028412,0.03,4
33,0,3,2,0,0.003063,0.03,4
34,1,2,2,0,0.0030809,0.03,4
35,0,3,2,0,0.0029751,0.03,4
36,1,3,2,0,0.0030021,0.03,4
37,1,1,2,0,0.0029082,0.03,4
38,0,2,2,0,0.0030573,0.03,4
39,1,3,2,1,0.0030827,0.03,4
40,1,2,2,1,0.0030279,0.03,4
41,1,1,2,1,0.0029484,0.03,4
42,1,3,2,0,0.0031139,0.03,4
43,0,2,2,0,0.0031383,0.03,4
44,1,3,2,0,0.0029296,0.03,4
45,1,1,2,0,0.0028789,0.03,4
46,1,2,2,1,0.0030586,0.03,4
47,0,3,2,0,0.0030456,0.03,4
48,1,3,2,0,0.0029269,0.03,4
49,0,1,2,1,0.0030564,0.02,4
50,0,2,2,0,0.0029748,0.02,4
51,1,1,2,0,0.0028647,0.02,4
52,0,3,2,1,0.0028684,0.02,4
53,0,1,2,0,0.0037143,0.02,4
54,0,1,2,0,0.0029509,0.02,4
55,0,3,2,0,0.0038057,0.02,4
56,1,1,2,0,0.003103,0.02,4
57,1,3,2,0,0.0030706,0.02,4
58,0,1,2,0,0.0030714,0.02,4
59,0,2,2,0,0.0032628,0.02,4
60,1,2,2,0,0.0031674,0.02,4
61,1,3,2,1,0.0032115,0.02,4
62,1,1,3,0,0.0030535,0.02,4
63,0,1,3,0,0.0033278,0.02,4
64,0,2,3,0,0.0031157,0.02,4
65,0,2,3,1,0.0031514,0.02,4
66,1,2,3,0,0.003081,0.02,4
67,0,3,3,0,0.0028564,0.02,4
68,1,3,3,0,0.0029836,0.02,4
69,1,2,3,1,0.0030946,0.02,4
70,0,1,3,0,0.0028311,0.02,4
71,0,1,3,0,0.0030175,0.02,4
72,0,2,3,0,0.0030505,0.02,4
73,1,2,3,0,0.0030021,0.02,4
74,0,1,3,1,0.0037586,0.02,4
75,1,1,3,0,0.0031995,0.02,4
76,1,1,3,0,0.0031524,0.02,4
77,1,1,3,1,0.0038944,0.02,4
78,0,2,3,0,0.0030564,0.02,4
79,0,3,3,0,0.0030537,0.02,4
80,1,2,3,0,0.0029661,0.02,4
81,1,1,3,1,0.0031725,0.02,4
82,0,2,3,1,0.0029735,0.02,4
83,1,1,3,0,0.0030806,0.02,4
84,0,3,3,0,0.0029427,0.02,4
85,1,3,3,1,0.0031613,0.02,4
86,0,3,3,1,0.0037264,0.02,4
87,0,2,3,0,0.0029281,0.02,4
88,1,3,3,1,0.0033192,0.02,4
89,1,2,3,1,0.0030519,0.02,4
90,0,3,3,0,0.003576,0.02,4
91,1,2,3,0,0.0030123,0.02,4
92,1,2,3,1,0.0031067,0.02,4
93,1,3,3,0,0.0029417,0.02,4
94,1,3,3,0,0.0030728,0.02,4
95,0,3,3,0,0.003085,0.02,4
96,1,3,3,1,0.0031948,0.02,4
97,0,1,3,1,0.0036274,0.01,4
98,0,2,3,0,0.0028956,0.01,4
99,0,3,3,0,0.0028944,0.01,4
100,0,2,3,0,0.0030694,0.01,4
101,0,3,3,0,0.0028657,0.01,4
102,0,3,3,0,0.0030245,0.01,4
103,1,2,3,0,0.0029999,0.01,4
104,0,3,3,0,0.0029522,0.01,4
105,0,2,3,0,0.0030348,0.01,4
106,0,1,3,1,0.0028739,0.01,4
107,0,1,3,0,0.0031415,0.01,4
108,1,3,3,1,0.0030634,0.01,4
109,0,2,3,0,0.0028452,0.01,4
110,0,2,3,0,0.0029659,0.01,4
111,0,1,3,0,0.0028341,0.01,4
112,0,1,3,0,0.0031468,0.01,4
113,1,2,3,0,0.0028549,0.01,4
114,0,1,3,0,0.0029685,0.01,4
115,0,3,3,0,0.0028598,0.01,4
116,0,3,3,0,0.0038858,0.01,4
117,0,2,3,1,0.0028719,0.01,4
118,0,1,3,0,0.0030459,0.01,4
119,1,1,3,0,0.0030447,0.01,4
120,1,3,3,0,0.0029609,0.01,4
121,0,1,3,0,0.0031065,0.01,4
122,1,3,3,0,0.003006,0.01,4
123,1,1,3,1,0.0030707,0.01,4
124,1,2,3,0,0.0030423,0.01,4
125,1,3,3,0,0.0031127,0.01,4
126,1,1,3,1,0.0030021,0.01,4
127,0,3,3,0,0.0030393,0.01,4
128,0,2,3,0,0.0037102,0.01,4
129,1,1,3,0,0.0030349,0.01,4
130,1,1,3,0,0.0029816,0.01,4
131,1,3,3,0,0.0030355,0.01,4
132,0,2,3,0,0.0031425,0.01,4
133,1,2,3,1,0.0030236,0.01,4
134,1,2,3,0,0.0030088,0.01,4
135,1,2,3,0,0.0028884,0.01,4
136,1,2,3,0,0.0029918,0.01,4
137,1,1,3,1,0.0028779,0.01,4
138,1,1,3,1,0.0030217,0.01,4
139,0,3,3,0,0.0029819,0.01,4
140,1,1,3,0,0.0029943,0.01,4
141,1,2,3,0,0.0029585,0.01,4
142,1,3,3,0,0.0030001,0.01,4
143,1,3,3,0,0.0031991,0.01,4
144,1,3,3,0,0.0030431,0.01,4
145,0,2,3,0,0.16944,0.03,5
146,0,2,3,0,0.0030881,0.03,5
147,0,1,3,1,0.0036514,0.03,5
148,0,3,3,0,0.0036625,0.03,5
149,0,2,3,0,0.0031886,0.03,5
150,0,2,3,0,0.0028388,0.03,5
151,0,1,3,0,0.003607,0.03,5
152,1,2,3,0,0.0029985,0.03,5
153,0,2,3,0,0.0030881,0.03,5
154,0,2,3,0,0.0028874,0.03,5
155,0,3,3,0,0.0030237,0.03,5
156,0,2,3,0,0.0030826,0.03,5
157,0,3,3,0,0.0030548,0.03,5
158,0,1,3,0,0.0029596,0.03,5
159,0,3,3,0,0.0031386,0.03,5
160,0,3,3,0,0.0037695,0.03,5
161,1,2,3,1,0.0029203,0.03,5
162,0,3,3,0,0.003152,0.03,5
163,1,1,3,0,0.0034543,0.03,5
164,1,3,3,0,0.0030229,0.03,5
165,1,2,3,0,0.0029897,0.03,5
166,0,2,3,0,0.0030521,0.03,5
167,0,1,3,0,0.0031575,0.03,5
168,1,3,3,0,0.0029623,0.03,5
169,0,1,3,0,0.0031262,0.03,5
170,1,3,3,1,0.003121,0.03,5
171,0,3,3,1,0.0030471,0.03,5
172,0,2,3,0,0.0028825,0.03,5
173,0,1,3,0,0.003095,0.03,5
174,0,1,3,0,0.0036673,0.03,5
175,1,3,3,1,0.0037085,0.03,5
176,1,1,3,1,0.003044,0.03,5
177,0,3,3,0,0.0031523,0.03,5
178,1,2,3,0,0.0032037,0.03,5
179,1,2,3,0,0.0031721,0.03,5
180,1,3,3,0,0.0030607,0.03,5
181,1,1,3,0,0.0028463,0.03,5
182,0,1,3,0,0.0030615,0.03,5
183,0,3,3,0,0.0031454,0.03,5
184,1,2,3,1,0.002871,0.03,5
185,1,1,3,0,0.003061,0.03,5
186,0,3,3,0,0.0029911,0.03,5
187,0,2,3,0,0.0029258,0.03,5
188,1,3,3,0,0.003191,0.03,5
189,0,1,3,0,0.0029496,0.03,5
190,0,3,3,0,0.0030325,0.03,5
191,0,2,3,0,0.0030895,0.03,5
192,0,1,3,1,0.0030427,0.03,5
193,0,1,3,0,0.0030906,0.03,5
194,0,3,3,0,0.0030876,0.03,5
195,1,2,3,1,0.0030221,0.03,5
196,0,1,3,0,0.0030655,0.03,5
197,1,3,3,1,0.0030515,0.03,5
198,1,3,3,1,0.0028529,0.03,5
199,0,2,3,0,0.006895,0.03,5
200,1,3,3,0,0.003085,0.03,5
201,1,2,3,0,0.0031145,0.03,5
202,1,1,3,0,0.0031868,0.03,5
203,1,1,3,0,0.0029686,0.03,5
204,1,1,3,0,0.0039911,0.03,5
205,0,1,3,0,0.0036184,0.03,5
206,1,1,3,0,0.0028374,0.03,5
207,1,1,3,1,0.0030201,0.03,5
208,1,1,3,0,0.0037894,0.03,5
209,1,1,3,0,0.0030893,0.03,5
210,1,1,3,0,0.0031662,0.03,5
211,1,2,3,0,0.0036683,0.03,5
212,0,3,3,0,0.0030728,0.03,5
213,1,3,3,0,0.0030909,0.03,5
214,1,3,3,1,0.0031534,0.03,5
215,1,3,3,0,0.0032141,0.03,5
216,1,2,3,0,0.0030132,0.03,5
217,0,2,3,0,0.0030262,0.03,5
218,1,1,3,0,0.0029845,0.03,5
219,1,3,3,0,0.0029733,0.03,5
220,1,2,3,0,0.0030526,0.03,5
221,1,2,3,0,0.0036539,0.03,5
222,1,2,3,0,0.0028692,0.03,5
223,0,1,3,0,0.0028686,0.02,5
224,0,3,3,1,0.0028986,0.02,5
225,0,1,3,0,0.0031013,0.02,5
226,0,2,3,1,0.0028344,0.02,5
227,0,3,3,0,0.0031084,0.02,5
228,0,1,3,1,0.003074,0.02,5
229,0,1,3,0,0.0030001,0.02,5
230,1,3,3,1,0.0030543,0.02,5
231,1,2,3,1,0.0030055,0.02,5
232,0,3,3,0,0.0030862,0.02,5
233,0,2,3,0,0.003049,0.02,5
234,0,1,3,0,0.0030773,0.02,5
235,0,2,3,1,0.0030909,0.02,5
236,1,3,3,0,0.0028716,0.02,5
237,0,3,3,0,0.0031035,0.02,5
238,0,1,3,0,0.0029751,0.02,5
239,0,3,3,0,0.0029059,0.02,5
240,0,3,3,0,0.0030049,0.02,5
241,0,2,3,0,0.0030316,0.02,5
242,0,1,3,0,0.0030243,0.02,5
243,0,2,3,0,0.0030964,0.02,5
244,0,1,3,0,0.0029623,0.02,5
245,0,1,3,0,0.0030988,0.02,5
246,1,1,3,1,0.0030535,0.02,5
247,0,1,3,0,0.0030092,0.02,5
248,0,3,3,1,0.0029412,0.02,5
249,1,3,3,0,0.0029716,0.02,5
250,1,1,3,1,0.0031278,0.02,5
251,0,2,3,0,0.003006,0.02,5
252,0,3,3,1,0.0028759,0.02,5
253,1,2,3,0,0.0033387,0.02,5
254,0,2,3,1,0.0036867,0.02,5
255,0,3,3,0,0.0030275,0.02,5
256,1,1,3,1,0.0030614,0.02,5
257,0,1,3,0,0.0030635,0.02,5
258,0,2,3,1,0.0030209,0.02,5
259,1,3,3,0,0.0029658,0.02,5
260,0,3,3,1,0.0028716,0.02,5
261,1,3,3,0,0.0029603,0.02,5
262,1,3,3,0,0.0029897,0.02,5
263,1,1,3,0,0.0030434,0.02,5
264,1,2,3,0,0.0029345,0.02,5
265,1,2,3,0,0.0032109,0.02,5
266,1,1,3,0,0.0031195,0.02,5
267,0,2,3,0,0.0032612,0.02,5
268,1,1,3,0,0.0028428,0.02,5
269,0,2,3,0,0.0030305,0.02,5
270,1,3,3,1,0.0033293,0.02,5
271,0,2,3,0,0.002836,0.02,5
272,1,1,3,1,0.0031824,0.02,5
273,0,1,3,0,0.0031087,0.02,5
274,1,1,3,0,0.0030016,0.02,5
275,1,2,3,0,0.0030195,0.02,5
276,0,3,3,0,0.0030569,0.02,5
277,1,2,3,1,0.0036669,0.02,5
278,0,2,3,0,0.0031103,0.02,5
279,0,2,3,0,0.0028989,0.02,5
280,1,2,3,0,0.002998,0.02,5
281,0,3,3,0,0.003659,0.02,5
282,1,2,3,0,0.0029303,0.02,5
283,1,2,3,0,0.0031289,0.02,5
284,1,1,3,0,0.0036507,0.02,5
285,1,3,3,0,0.0030538,0.02,5
286,1,3,3,0,0.0029224,0.02,5
287,1,2,3,0,0.0035336,0.02,5
288,1,1,3,0,0.0029067,0.02,5
289,1,3,3,0,0.0028564,0.02,5
290,1,3,3,0,0.0030496,0.02,5
291,1,1,3,1,0.0029199,0.02,5
292,0,3,3,0,0.003143,0.02,5
293,1,2,3,0,0.0030639,0.02,5
294,1,3,3,0,0.0029298,0.02,5
295,1,2,3,0,0.0031048,0.02,5
296,1,2,3,1,0.0032098,0.02,5
297,0,1,3,0,0.0030941,0.02,5
298,1,1,3,1,0.0031265,0.02,5
299,1,3,3,0,0.003095,0.02,5
300,1,1,3,0,0.0028943,0.02,5
301,0,1,3,0,0.0032277,0.01,5
302,0,1,3,0,0.0030838,0.01,5
303,0,2,3,1,0.0028147,0.01,5
304,0,1,3,0,0.0028556,0.01,5
305,0,2,3,0,0.003047,0.01,5
306,0,3,3,0,0.0028799,0.01,5
307,0,3,3,1,0.0029936,0.01,5
308,0,2,3,0,0.0028294,0.01,5
309,0,1,3,0,0.0028594,0.01,5
310,1,1,3,0,0.0030946,0.01,5
311,1,1,3,0,0.0031707,0.01,5
312,0,1,3,0,0.0029777,0.01,5
313,0,3,3,0,0.0029537,0.01,5
314,0,2,3,0,0.0030206,0.01,5
315,0,1,3,1,0.0031387,0.01,5
316,0,2,3,1,0.0030953,0.01,5
317,0,2,3,0,0.0036175,0.01,5
318,1,3,3,0,0.002858,0.01,5
319,0,1,3,0,0.0031137,0.01,5
320,0,1,3,0,0.0028376,0.01,5
321,1,1,3,0,0.0030698,0.01,5
322,0,1,3,0,0.0030573,0.01,5
323,0,1,3,1,0.0031511,0.01,5
324,1,1,3,1,0.0028683,0.01,5
325,0,2,3,0,0.0031943,0.01,5
326,1,2,3,0,0.0030693,0.01,5
327,1,1,3,0,0.0032885,0.01,5
328,0,3,3,0,0.0030047,0.01,5
329,0,3,3,0,0.0028401,0.01,5
330,1,1,3,1,0.0038464,0.01,5
331,0,2,3,1,0.0030717,0.01,5
332,0,3,3,0,0.0032275,0.01,5
333,1,2,3,1,0.0029508,0.01,5
334,0,2,3,1,0.0045683,0.01,5
335,0,3,3,0,0.0036643,0.01,5
336,0,1,3,0,0.0029733,0.01,5
337,1,2,3,0,0.0030699,0.01,5
338,0,3,3,0,0.0031476,0.01,5
339,1,3,3,0,0.0031193,0.01,5
340,0,3,3,0,0.0030912,0.01,5
341,0,2,3,0,0.0030419,0.01,5
342,1,2,3,0,0.0029749,0.01,5
343,1,3,3,0,0.0031165,0.01,5
344,1,1,3,0,0.003013,0.01,5
345,1,3,3,0,0.0036683,0.01,5
346,0,2,3,0,0.002957,0.01,5
347,1,3,3,0,0.0029885,0.01,5
348,1,3,3,0,0.002921,0.01,5
349,1,3,3,0,0.003104,0.01,5
350,1,1,3,0,0.0031995,0.01,5
351,0,2,3,0,0.0030071,0.01,5
352,0,1,3,0,0.0028666,0.01,5
353,0,3,3,0,0.0031004,0.01,5
354,1,3,3,0,0.0030154,0.01,5
355,1,2,3,0,0.0028686,0.01,5
356,1,3,3,1,0.0030342,0.01,5
357,1,1,3,0,0.0030182,0.01,5
358,1,2,3,0,0.0038628,0.01,5
359,0,3,3,0,0.0029028,0.01,5
360,1,2,3,0,0.0029177,0.01,5
361,1,2,3,1,0.0029213,0.01,5
362,1,2,3,0,0.0029738,0.01,5
363,1,3,3,1,0.0028733,0.01,5
364,1,1,3,0,0.003085,0.01,5
365,1,2,3,0,0.0029818,0.01,5
366,1,2,3,0,0.0029956,0.01,5
367,0,3,3,0,0.0028658,0.01,5
368,1,2,3,0,0.0030308,0.01,5
369,1,3,3,0,0.0032072,0.01,5
370,0,2,3,0,0.0037859,0.01,5
371,1,1,3,0,0.0031349,0.01,5
372,1,3,3,0,0.0035261,0.01,5
373,0,1,3,0,0.002987,0.01,5
374,1,2,3,0,0.0030183,0.01,5
375,1,1,3,0,0.0028106,0.01,5
376,1,1,3,0,0.003088,0.01,5
377,0,3,3,0,0.0032395,0.01,5
378,1,3,3,1,0.0031521,0.01,5
